name: 08_2010
date: 2010-11-12 18:32:26 +0300
nkeys: 312
empty: 39
e_k: 0.125

name: 09_2010
date: Sat Dec 18 13:00:06 +0300 2010
nkeys: 352
empty: 46
e_k: 0.130681818181818

name: 10_2010
date: 2010-12-18 13:07:57 +0300
nkeys: 321
empty: 42
e_k: 0.1308411214953271

name: 01_2011
date: Sun Feb 13 23:26:08 +0300 2011
nkeys: 319
empty: 56
e_k: 0.175548589341693

